
-0.007825
0.000018
-0.007825
0.003940
-0.003903
0.003940
-0.003903
0.007862
-0.003903
0.007862
-0.003903
0.003940
-0.003903
0.003940
-0.007825
0.003940
0.000018
0.007862
-0.003903
0.007862
-0.003903
0.003940
-0.007825
0.003940
0.000018
0.003940
-0.007825
0.003940
-0.003903
0.007862
-0.003903
0.003940
-0.003903
0.011783
0.000018
0.000018
-0.007825
0.003940
0.000018
0.007862
-0.007825
0.000018
-0.003903
0.007862
0.000018
0.003940
-0.003903
0.007862
0.003940
0.003940
-0.011746
0.000018
0.000018
0.007862
-0.003903
0.000018
-0.007825
0.003940
0.000018
0.007862
-0.003903
0.003940
-0.003903
0.003940
0.000018
0.007862
-0.007825
0.000018
-0.007825
0.000018
-0.003903
0.003940
-0.003903
0.003940
-0.007825
0.003940
-0.007825
0.015705
-0.003903
0.003940
-0.007825
0.000018
0.000018
0.003940
-0.011746
0.007862
-0.007825
0.007862
-0.011746
0.003940
-0.007825
0.007862
-0.007825
0.000018
-0.003903
0.003940
-0.003903
0.000018
-0.011746
0.000018
0.000018
0.007862
-0.007825
0.000018
-0.011746
0.000018
-0.003903
0.003940
-0.003903
0.003940
-0.007825
0.007862
0.000018
0.003940
-0.003903
0.007862
-0.003903
0.007862
-0.003903
0.003940
-0.011746
0.003940
-0.003903
0.003940
-0.003903
0.003940
-0.003903
0.003940
-0.007825
0.007862
-0.003903
0.007862
-0.007825
0.000018
-0.007825
0.003940
0.003940
0.003940
-0.007825
0.000018
-0.003903
0.000018
-0.003903
0.003940
-0.003903
0.003940
-0.003903
0.003940
-0.007825
0.003940
-0.003903
0.003940
0.000018
0.007862
-0.003903
0.007862
-0.007825
0.000018
-0.003903
0.007862
0.000018
0.007862
0.000018
0.007862
0.000018
0.007862
-0.003903
0.003940
-0.003903
0.003940
-0.007825
0.003940
-0.007825
0.000018
-0.007825
-0.003903
-0.007825
0.003940
-0.011746
0.000018
-0.027432
-0.035276
-0.066648
-0.086256
-0.105864
-0.094099
-0.086256
-0.035276
0.027469
0.113744
0.203940
0.270607
0.309822
0.325509
0.301979
0.239234
0.141195
0.031391
-0.101942
-0.211746
-0.337236
-0.411746
-0.470570
-0.462727
-0.427432
-0.321550
-0.196060
-0.043119
0.105901
0.250999
0.356881
0.419626
0.435313
0.407862
0.329430
0.231391
0.129430
0.035313
-0.070570
-0.133315
-0.192138
-0.207825
-0.215668
-0.188217
-0.168609
-0.113707
-0.078413
-0.035276
-0.003903
0.031391
0.047077
0.066685
0.062764
0.066685
0.058842
0.050999
0.031391
0.031391
0.007862
0.000018
-0.007825
-0.007825
-0.019589
-0.011746
-0.019589
-0.007825
-0.015668
-0.003903
-0.007825
0.003940
-0.003903
0.007862
0.000018
0.003940
-0.003903
0.003940
-0.003903
0.003940
-0.003903
0.000018
-0.007825
0.000018
-0.007825
0.003940
-0.003903
0.007862
-0.003903
0.011783
-0.003903
0.007862
-0.003903
0.003940
-0.007825
0.003940
-0.007825
0.000018
-0.011746
0.000018
-0.011746
-0.003903
-0.007825
0.000018
-0.007825
0.000018
-0.003903
0.000018
-0.003903
0.003940
-0.007825
0.003940
-0.003903
0.003940
-0.003903
0.003940
-0.007825
0.003940
-0.007825
0.003940
-0.003903
0.000018
-0.003903
0.003940
0.000018
0.003940
-0.003903
0.000018
-0.003903
0.007862
0.000018
0.003940
-0.003903
0.003940
-0.007825
0.003940
-0.003903
0.003940
-0.003903
0.003940
-0.003903
0.007862
-0.003903
0.007862
-0.003903
0.000018
-0.007825
0.003940
-0.007825
0.000018
-0.003903
0.000018
-0.007825
0.007862
0.000018
0.007862
-0.003903
0.003940
-0.003903
0.007862
-0.003903
0.003940
-0.003903
0.003940
-0.007825
0.007862
-0.003903
0.003940
-0.003903
0.003940
-0.003903
0.003940
-0.007825
0.003940
-0.007825
0.003940
-0.003903
0.003940
-0.003903
0.003940
-0.003903
0.003940
-0.003903
0.000018
-0.003903
0.003940
0.000018
0.003940
0.000018
0.003940
-0.003903
0.003940
-0.003903
0.000018
-0.007825
0.003940
-0.003903
0.003940
-0.007825
0.003940
-0.003903
0.003940
-0.011746
0.003940
-0.003903
0.003940
0.000018
0.007862
0.000018
0.003940
-0.003903
0.003940
-0.003903
0.003940
-0.003903
0.007862
-0.003903
0.007862
-0.003903
0.007862
0.000018
0.007862
-0.003903
0.003940
-0.003903
0.003940
-0.003903
0.011783
-0.007825
0.003940
-0.007825
0.003940
-0.007825
0.003940
0.000018
0.003940
-0.007825
0.003940
-0.003903
0.003940
-0.003903
0.007862
-0.003903
0.007862
-0.003903
0.003940